   13.6778193       53.2684937  
   14.8509140       53.5440521  
   53.2239189       86.6107559  
   53.0879784       88.1950836  
   53.4555931       85.3230438  
   15.1156483       49.8762131  
   10.2702065       52.8211250  
   54.8919067       87.9967880  
   54.3847466       88.5635223  
   14.6515923       51.6147575  
   57.2157707       88.0448303  
   36.9351616       10.8382273  
   37.8805504       44.2164841  
   12.4111738       52.4250717  
   13.6497173       52.6543617  
   16.1457615       52.0487137  
   13.3572006       50.9543152  
   11.6838188       54.9532127  
   55.8460884       87.1395950  
   55.0468636       85.1910172  
   13.5879812       49.4159126  
   55.8506622       86.0519257  
   13.3778276       51.2110443  
   53.2047501       84.5292587  
   54.8723755       86.5717087  
   14.1076784       51.3323555  
   10.0837202       52.2465477  
   54.4050102       85.8983002  
   55.2213058       85.7680054  
   14.9468822       51.0193596  
   11.0054789       52.1742210  
   13.2217293       52.2115974  
   53.9821281       86.0254211  
   53.0231438       86.8680801  
   56.5367508       88.8210678  
   55.0866814       84.6238861  
   37.7765160       45.0554504  
   13.2706108       51.9204941  
   13.5635853       51.0714417  
   36.7729111       43.9818840  
   54.6073608       87.8541641  
   12.8281898       51.0536919  
   14.2472773       50.8187485  
   54.8472786       86.9060669  
   12.9950609       50.9783211  
   11.1969347       53.8986282  
   12.1465445       53.8594933  
   14.7286587       51.8200722  
   15.0840912       52.4248772  
   56.6312065       86.7344131  
   55.3092422       86.9768066  
   54.5286636       86.5706635  
   12.7158337       52.7343445  
   11.4573689       53.4648857  
   15.2439537       51.6740303  
   14.4850140       50.2659912  
   35.5752754       10.8873987  
   53.4202194       87.0602646  
   15.9017849       54.0607147  
   55.2374725       90.1633682  
   56.9493637       86.0877304  
   35.3190880       11.2454882  
   12.3824883       52.8971977  
   36.1068497       11.4901438  
   13.0016870       53.4297256  
   15.1693878       51.0093384  
   55.5567513       86.0550079  
   13.0270872       51.6193657  
   38.1459122       43.6213989  
   52.1954803       87.3549805  
   13.8284225       53.1668663  
   35.9578590       11.1476460  
   12.7201118       51.8827095  
   55.9651604       88.2212448  
   37.5233192       44.5571022  
   12.0238819       53.9897766  
   57.7738914       88.3525543  
   13.5071306       51.4886818  
   57.0172005       85.5312424  
   55.0696106       87.7117386  
   36.0926399       11.5437927  
   36.8956680       11.5047255  
   37.7428970       43.9828186  
   56.1613121       88.3285141  
   35.6353798       11.6452513  
   38.0207520       44.0910454  
   14.7904043       53.6142044  
   14.7044344       53.0433731  
   15.1040583       49.6267738  
   36.0687485       11.3333569  
   55.1180649       87.1380005  
   13.0949841       53.5222778  
   10.5093832       52.8975906  
   13.5867653       53.0174751  
   15.1853991       54.5822334  
   12.1165323       52.8545151  
   15.6468487       52.5309372  
   13.8453255       53.4460030  
   14.8431129       51.5344658  
   13.1092987       52.4203796  
   15.0724363       51.3778763  
   15.3642950       50.7768402  
   12.8794641       50.5937233  
   53.0322533       88.6233826  
   12.9865246       53.2674599  
   10.9639301       50.5073318  
   37.4288406       10.5904226  
   38.0794411       44.5444984  
   13.2338686       53.6250496  
   37.7475357       43.6411133  
   13.2975054       52.2586060  
   38.3305397       44.7697754  
   56.0145187       87.0249786  
   15.1438942       52.7603912  
   38.1854630       44.2826157  
   35.4465599       11.6465044  
   57.5600243       86.0051880  
   57.3952332       87.5522308  
   56.2433472       86.3888931  
   57.8998489       87.2767334  
   16.5167732       51.2637634  
   55.1214256       87.2706146  
   55.6773987       86.7809143  
   14.3546610       51.3565063  
   35.1763382       12.6252546  
   14.3568773       52.1918144  
   53.9985237       87.8876953  
   54.5083733       87.3935623  
   36.1248093       11.0323486  
   37.4950333       43.8905411  
   51.9264755       85.0448151  
   14.4406929       53.6579781  
   56.4663811       86.3750687  
   54.0742531       87.6408539  
   14.4751110       54.7877998  
   12.6719723       53.3127594  
   36.3677902       11.2962961  
   54.8533440       86.5750275  
   55.6944351       85.6200562  
   38.4880066       43.7260513  
   54.8236618       86.6898346  
   13.0552397       51.8419304  
   54.4640579       88.7284241  
   55.5706711       87.5034332  
   54.0469856       85.4743042  
   15.1489315       51.3994141  
   34.9430923       12.1711063  
   36.5702972       11.5750990  
   15.2606230       52.1230736  
   56.0409546       84.4996796  
   57.9716949       87.3858185  
   13.6909504       50.5839806  
   54.3486328       86.3301239  
   16.0657120       50.0970955  
   53.7429466       87.3090820  
   11.9246473       51.7781487  
   14.1062689       51.5962219  
   15.6755304       51.5255089  
   56.9866753       85.5888138  
   53.5988159       85.2559128  
   15.8169022       53.8129425  
   15.4441671       50.3907738  
   53.5665894       89.3327332  
   12.7546835       50.5877304  
   12.9862413       51.4655800  
   14.3341894       52.9270592  
   55.4803925       88.0280609  
   14.8632946       52.7145004  
   13.5667458       55.0019646  
   36.1464767       11.8035221  
   57.6855278       88.6950684  
   53.7081337       89.5966797  
   54.2059441       86.3148270  
   14.1205187       53.2709618  
   37.5559692       44.0953369  
   54.2465134       89.8609543  
   12.3602867       52.6293106  
   55.5200195       87.6832809  
   14.4711523       54.6013870  
   14.3956909       52.3133278  
   55.0228729       85.6609726  
   12.1840420       53.0476303  
   37.2169342       11.2402248  
   36.2548752       11.8316984  
   56.3801155       87.2544174  
   52.4629745       85.9147186  
   54.5897102       85.0918427  
   14.9115601       52.2674980  
   55.8537178       86.8433990  
   13.3101206       52.6214828  
   16.5931587       53.0316811  
   57.6937523       86.4273224  
   35.6515465       11.1579752  
   13.8838272       50.9548874  
   56.6726990       87.1945038  
   13.1140728       52.5592422  
   56.9912300       86.5778503  
   54.9623260       86.1699677  
   13.1682472       53.2394447  
   36.2059212       11.2293358  
   58.0773354       88.7941513  
   14.9227018       53.1499252  
   38.0357094       42.8014984  
   52.1747551       85.7464066  
   55.6359138       87.7241745  
   12.2044897       52.4987030  
   15.1462803       54.2134552  
   34.5234184       11.4744587  
   13.0630741       51.7541466  
   13.0641870       54.4814377  
   14.4077473       51.6964684  
   53.6209717       89.0911636  
   11.6521921       54.2564583  
   54.5435181       86.9413910  
   54.7073441       86.0504303  
   56.3634911       86.5586395  
   13.5759859       50.9899216  
   13.0303545       51.7946472  
   11.4388475       52.1044655  
   14.2195930       53.4826660  
   14.9282894       55.5208092  
   56.0064392       88.3658524  
   13.7401896       53.8180504  
   54.2570648       87.9413757  
   56.5914497       85.0015564  
   53.2327538       88.2994690  
   12.6339674       53.3357201  
   55.4069977       85.9890289  
   55.6756821       86.7995377  
   12.8885088       52.5456276  
   10.8245373       50.4783936  
   56.1245880       85.7346954  
   14.0011768       54.1930313  
   35.9625549       11.2077255  
   36.4449806       11.7267237  
   15.5180616       54.5747070  
   13.8660212       52.5343628  
   12.3850460       51.0968170  
   52.5943489       88.4628906  
   11.9593086       51.6057739  
   11.7750540       53.4972992  
   14.9104414       52.5517502  
   53.2984085       88.3574448  
   13.7665663       52.1781654  
   56.6119919       84.0760345  
   50.8021927       88.4802933  
   12.4508038       52.9680176  
   53.3646889       86.7148285  
   56.8410301       87.3467941  
   15.0022793       52.6996460  
   35.3763924       10.2642784  
   16.3025322       52.8011894  
   17.0948143       51.4519501  
   37.8928223       44.2899055  
   55.7431908       86.3269424  
   53.1102867       86.5475922  
   37.6540375       44.8675194  
   35.1952515       12.3476572  
   54.7962990       88.2185898  
   57.9150925       86.5075684  
   14.4834318       53.9350052  
   12.6840858       52.6603241  
   14.4091082       52.1666603  
   54.7259560       87.9963608  
   14.2430315       52.5676422  
   38.2664070       43.2429276  
   16.2868137       53.1510201  
   54.8544884       87.7908783  
   36.5682373       9.91211891  
   12.5418549       52.3137665  
   36.2891006       11.0244560  
   53.7277222       88.2551193  
   13.4395552       51.8416023  
   13.5405941       53.5040627  
   54.3867989       86.1201248  
   38.4176788       43.2657280  
   13.4513721       52.2997208  
   15.5175200       51.1375046  
   14.2035151       52.3939552  
   14.1561441       52.5461006  
   53.5648918       88.8540726  
   52.6818848       85.5815430  
   12.4428024       54.0401497  
   55.0518303       90.1990509  
   54.9736328       88.3552017  
   36.0457306       10.5378876  
   14.8508034       50.3744469  
   13.3346577       48.2294235  
   12.4447155       49.7738190  
   11.4973412       52.9052467  
   15.3436775       53.7864265  
   11.9433918       51.8547859  
   56.7389565       88.7617493  
   10.6323996       50.5266876  
   37.3579788       45.2371330  
   13.5334225       51.3549385  
   13.7283821       48.5450706  
   13.0154057       53.9068375  
   55.3580170       84.9721146  
   36.4395752       10.8407984  
   56.3539276       88.7066727  
   13.4398384       52.6100578  
   15.7093983       53.0223961  
   56.0817795       86.1832581  
   14.4322414       54.7523003  
   55.4386749       86.7174683  
   12.4802704       53.2518539  
   12.5476475       52.4845543  
   13.3150988       53.7769089  
   13.2740717       52.1988945  
   53.5051842       87.4607391  
   36.1599731       11.8632059  
   14.2703800       50.8905602  
   16.2618446       50.0657730  
   12.9279852       51.1656914  
   56.4713974       87.3947372  
   57.8071251       85.5730972  
   53.9963646       87.6749954  
   57.4146423       88.7827301  
   10.7311544       51.6334915  
   36.8255157       10.8913879  
   13.2660608       51.4519539  
   12.3287916       51.5108528  
   55.0768814       87.5444489  
   14.6352329       53.7576141  
   35.6160812       10.9882584  
   57.2793388       87.5859146  
   56.6546822       87.4127121  
   55.5945930       85.7511444  
   15.0592384       51.0906487  
   10.6882219       52.1340752  
   10.3624277       53.0854530  
   55.7630577       87.2562103  
   57.4629898       85.6685104  
   55.2918510       86.0818024  
   12.1045151       52.6432266  
   54.1426506       89.0916748  
   36.1877441       10.8991041  
   14.6978817       52.8539658  
   16.7886925       50.9578094  
   11.7885704       53.5040436  
   38.2899780       43.7482376  
   37.2439461       44.3929405  
   52.8466339       87.6922836  
   13.7432508       52.3555336  
   12.8624058       53.1719322  
   52.7528915       88.3525314  
   15.9043198       50.5654373  
   56.0847855       86.8246613  
   55.7150078       87.4903488  
   13.8934908       52.5406075  
   53.7080078       86.1046906  
   56.1352348       88.5291901  
   54.0860977       87.2119064  
   15.7731123       52.1365280  
   55.3350296       87.6395569  
   36.9677887       11.1172190  
   58.7712440       88.5932159  
   35.7504883       11.5169153  
   14.7655449       52.0592804  
   14.5958738       53.3580551  
   15.2533131       51.2320366  
   37.1341858       43.9217224  
   53.4544258       88.3154068  
   55.6751251       87.6826019  
   55.6451988       86.9459915  
   15.0782223       53.6051064  
   11.1778269       52.9537544  
   13.1299362       53.1681366  
   15.5097980       49.7517471  
   37.0859489       12.2220612  
   14.7273617       51.1416702  
   37.9964943       43.6505814  
   14.6514940       53.1544113  
   13.5889606       50.8131790  
   56.4288063       88.9459915  
   53.1132927       87.4535599  
   54.8971214       86.0308304  
   53.9135208       86.7674103  
   36.3977623       10.3346128  
   12.5792398       52.5884209  
   56.2088356       87.9854507  
   14.5073051       52.4505272  
   56.4074440       86.3775406  
   8.51026917       53.2781487  
   14.1127834       53.4603233  
   13.6905727       51.3005524  
   14.4559841       54.1906090  
   56.5942917       88.6161575  
   16.0351124       53.8612213  
   55.9967537       85.7799225  
   57.4595146       85.8841782  
   54.8740807       86.9631577  
   54.0357056       88.3369980  
   12.9378386       54.3062210  
   55.2172928       88.4269180  
   38.0511780       43.9419556  
   13.6127434       54.3067017  
   53.4506645       86.6128006  
   13.5964928       50.8726921  
   37.1044998       44.2224045  
   14.8338013       54.0730247  
   16.2793522       53.5145950  
   14.2799740       52.0076370  
   13.4709864       53.5989838  
   54.4748573       87.1269150  
   13.4219151       52.8465576  
   12.6655884       51.5931778  
   13.7871780       51.3429794  
   14.2868671       49.4293289  
   38.3671684       44.3860893  
   54.5204887       87.0278702  
   14.6889362       52.5103531  
   57.3466568       86.8052826  
   15.4466019       53.3220901  
   53.9786415       83.8856735  
   37.3961296       43.3939896  
   54.9495735       87.9017029  
   36.6908302       12.4534988  
   53.2544022       87.7537308  
   55.2028236       86.3138809  
   12.5545654       53.2447510  
   56.3450279       88.9508896  
   35.5829201       12.5287409  
   56.1000214       88.6332397  
   36.0419388       12.7704468  
   56.2633171       85.3921967  
   55.1811523       87.7490768  
   14.3547812       53.6269417  
   56.3327446       87.8903961  
   16.7044926       52.7454338  
   54.9058304       86.2384949  
   34.9667206       12.4326677  
   15.1862154       50.4128494  
   53.4512405       89.5793304  
   12.5190287       52.7647285  
   53.3818321       86.0713501  
   13.5241489       52.8878517  
   37.8286133       44.2334023  
   15.4347525       51.8520050  
   53.6415062       86.6295700  
   53.9242058       89.0430222  
   54.5590248       86.5071564  
   13.7249966       52.0505447  
   37.8922119       43.3810959  
   56.5872116       88.1630630  
   38.4707489       44.2635612  
   14.7235231       50.6630058  
   56.6688690       87.8047028  
   56.3598900       84.3519363  
   37.0411148       44.3560410  
   53.5167313       87.2028122  
   36.7402306       44.2041931  
   54.1280518       88.3044205  
   12.5255737       52.1497078  
   14.6188822       52.9598389  
   12.8306437       51.8631172  
   13.3867254       52.3380356  
   38.5110283       44.9360962  
   14.3853464       52.7292290  
   35.3777504       11.6856956  
   12.6030312       55.3894234  
   13.0830202       54.1357079  
   54.9150734       86.6719742  
   13.2397318       51.3608589  
   15.4652634       53.1089287  
   12.4050169       52.5833588  
   13.4241810       53.8251228  
   16.0709057       51.9333000  
   54.1566734       85.8455353  
   54.1761627       85.8354645  
   11.8969822       51.5567551  
   12.4265347       53.5730133  
   38.0235062       44.7377205  
   57.4733391       88.3209686  
   56.6336594       85.7695389  
   15.8491478       53.2066040  
   55.3821335       89.6336365  
   54.8205452       87.2499237  
   53.1678238       89.7105637  
   52.9963760       86.6270599  
   36.9352112       10.7289181  
   14.4581060       51.4832458  
   13.6227560       52.7250977  
   35.6011887       10.8923645  
   39.0247498       44.5543900  
   12.8220072       52.1298904  
   56.1540375       87.3611298  
   35.4407921       11.7338390  
   12.8724108       52.9820518  
   12.5698242       53.3565559  
   14.9149637       53.0241203  
   36.6339455       10.6539040  
   13.2684765       53.5172729  
   13.6189909       51.9709435  
   37.4808617       44.2930145  
   56.3595619       86.7578888  
   16.1301365       51.1862373  
   55.7526016       82.9607315  
   12.7007074       51.9361496  
   11.5291862       52.5602226  
   12.0927382       53.1862450  
   37.0416718       11.9453535  
   12.6835213       49.1941376  
   15.9697857       52.5577965  
   54.9930191       86.9558029  
   55.7761154       88.3253098  
   54.0106354       89.5247879  
   56.3355331       86.2835846  
   54.6818886       87.1630325  
   56.1507835       88.3301849  
   12.3674269       51.0852356  
   57.0339355       86.8938904  
   38.3684311       44.2482109  
   13.8043022       52.8646317  
   15.8486166       53.1168518  
   35.9802208       9.69103050  
   56.6817017       89.6031570  
   13.9203882       52.4862671  
   38.3276672       43.9573135  
   14.3227901       50.7163658  
   38.1794090       43.1877899  
   55.4108658       86.6931992  
   12.7265482       54.9222183  
   53.4240265       86.8281250  
   55.7718353       88.0753250  
   57.2801056       87.4950485  
   14.9967213       49.6973724  
   56.9990463       86.6614380  
   53.6286697       91.7285690  
   14.4254379       51.9334564  
   15.5583868       53.9001465  
   14.6689348       53.4643135  
   54.2641792       87.2248001  
   14.7076473       52.5502472  
   14.2592964       51.1276741  
   14.6259422       52.6928978  
   14.6774244       51.4427032  
   12.7063580       51.1354828  
   15.2867908       50.0268517  
   10.8758011       52.2468987  
   38.0416527       44.4508324  
   56.4115562       89.3898621  
   11.4343519       50.9629669  
   54.4248505       90.3851776  
   36.3374634       11.6692724  
   36.1795883       12.6489916  
   36.4155579       10.5767536  
   38.3045807       43.0255318  
   56.5955696       86.4553375  
   12.4332323       51.4249382  
   56.4059639       88.3345490  
   56.0023994       86.2326126  
   13.7235775       51.4623642  
   37.1013489       11.0090122  
   14.4262094       50.4196892  
   12.0289431       52.4039879  
   10.5836515       51.9536629  
   15.9636784       53.0169373  
   13.4777794       52.6608849  
   13.5555973       51.6201324  
   14.1278763       54.0148277  
   55.8543739       86.4373245  
   38.3054886       44.6960487  
   37.1151428       12.6717606  
   14.4389181       52.7560577  
   13.3896885       50.2686005  
   37.3797722       43.4181328  
   53.7840538       85.6926117  
   38.5792809       43.9033775  
   13.6412153       51.8561821  
   57.9909401       89.3474655  
   11.5557289       53.0583763  
   12.1231194       54.0276566  
   37.3995094       10.2803726  
   14.1555319       49.3238602  
   55.2269173       88.2615051  
   35.8217964       10.5304747  
   53.7687721       87.6535034  
   13.6038322       51.4501114  
   36.8392754       44.7623520  
   53.9943199       87.4379654  
   14.9604025       54.7273216  
   14.0128021       51.6862717  
   56.2347870       87.8830338  
   37.9845810       45.6709671  
   12.5758600       51.4703484  
   36.2136688       11.3890686  
   11.5478964       55.0035553  
   54.8197975       86.9661102  
   13.6459875       52.2372322  
   37.2616463       44.2717781  
   35.7401085       10.8932095  
   56.4937172       84.3692856  
   52.8943634       87.7859726  
   57.8095398       85.9358063  
   13.4798555       49.5748138  
   13.2985535       53.3390884  
   55.7413292       87.3212051  
   10.7333927       51.2891960  
   35.8500328       12.2059908  
   13.4415073       54.1873322  
   54.8501511       84.3392944  
   56.5526390       85.7637558  
   56.8659630       86.5211105  
   14.5287437       54.8765106  
   12.9793739       49.1001244  
   56.1399269       88.6287537  
   15.1098757       51.9235344  
   35.3257446       12.0997496  
   10.9990654       52.3325272  
   37.0492477       43.5186539  
   54.0534821       87.3894119  
   54.7747383       87.4798203  
   55.2999878       87.7673492  
   53.0654831       87.1411209  
   36.2916603       10.8569593  
   53.6725006       86.8072205  
   15.8784981       50.8954010  
   14.4260511       53.6845970  
   56.0059433       87.7204285  
   36.2232018       11.5349522  
   37.3697586       43.6767426  
   35.6992188       11.8181629  
   57.6259537       88.3337631  
   13.3789091       52.4813576  
   14.9610968       53.6364670  
   38.0051918       44.7137451  
   16.0530796       52.8870354  
   58.1954765       86.4025345  
   12.9284649       52.6364288  
   55.5173378       87.4259491  
   14.8492260       51.6293678  
   36.7357292       11.2954435  
   54.6368446       87.9956894  
   37.6074257       44.4040375  
   57.7423897       84.9956818  
   55.9928627       87.4268265  
   55.8116455       87.5768890  
   56.3985977       86.3553848  
   15.6615686       52.3557739  
   37.9126472       44.2837219  
   37.1356888       44.6486511  
   13.8335419       50.0063629  
   11.6780758       52.6849480  
   55.5497017       86.2741013  
   12.1171379       52.9572029  
   55.4125404       87.8621063  
   56.0760765       86.8591156  
   14.9857635       50.8207932  
   12.3246861       54.6062431  
   57.0294876       85.2378006  
   52.8334351       87.0999527  
   56.2831230       89.3166428  
   13.9946814       50.8801003  
   55.9710045       87.6737137  
   11.5605183       53.5266609  
   13.8253937       53.8844223  
   15.1786337       52.5915718  
   17.0352440       50.4538040  
   11.8319979       52.7233887  
   38.5713158       44.3585930  
   56.3403320       87.5636444  
   37.0358162       44.8021851  
   58.4990082       87.3435135  
   54.0637856       86.4143524  
   55.4854622       87.8226242  
   55.3207245       85.7215042  
   13.8659897       50.6004448  
   36.9078445       43.5992088  
   14.3894444       53.8708305  
   56.3040161       83.8221970  
   56.5581818       86.8930511  
   55.9513626       88.2170029  
   54.4859428       86.2508850  
   13.6666365       52.7318802  
   38.1166687       44.7093048  
   54.1817856       86.4716873  
   37.5882607       43.5593948  
   56.4694710       86.6446381  
   12.6351175       51.8682137  
   36.1177826       11.7031250  
   37.2497406       11.4800444  
   38.4842148       44.2531624  
   54.3656044       85.8362732  
   55.7335052       87.4644928  
   13.6757622       49.4709091  
   12.6573305       50.6352234  
   12.9032850       53.8440666  
   14.8804407       51.9523544  
   53.8578873       87.3735886  
   53.4048729       86.9160614  
   12.6274252       52.2547035  
   13.1285877       51.2420006  
   12.6680775       52.0978127  
   37.0492516       43.6461754  
   14.3471022       52.4448357  
   56.4381981       86.9840775  
   14.7966509       50.2658920  
   12.1956282       53.9496613  
   11.8784723       52.1122742  
   54.6273575       88.4269714  
   14.7438583       51.9030113  
   59.1940231       88.3799973  
   12.0662155       51.1508980  
   14.3887596       50.9068756  
   15.5537472       53.7847557  
   56.1589508       87.6415482  
   55.4894028       85.2517853  
   36.6900597       11.4832344  
   12.5039864       54.3984222  
   13.6025925       52.6249733  
   14.7236509       52.8731155  
   14.3860722       51.4610023  
   37.9545860       43.7668686  
   55.1321259       86.8323441  
   56.7827263       88.9347534  
   36.6677437       44.2773743  
   54.7543144       87.3794098  
   54.4275436       86.2562180  
   37.6263084       44.3550415  
   57.8747482       86.6699753  
   53.1187553       89.3179092  
   37.8537750       43.9434509  
   55.6388969       84.3120041  
   54.6267662       87.2991943  
   36.7996864       11.4671984  
   14.7975273       54.1551971  
   14.7276964       54.9124680  
   53.7062569       84.6268387  
   36.8854828       43.9830513  
   12.1941156       53.0676537  
   57.4998474       86.3825378  
   52.5434799       83.6214294  
   53.6226501       88.0612640  
   56.4628639       86.6979446  
   16.0123882       51.0125847  
   15.6585608       53.9607811  
   37.5189781       43.9464912  
   35.5499268       12.0445986  
   13.0116262       53.9552307  
   35.7830849       11.3308506  
   53.7908936       87.4437027  
   34.9589043       11.7345629  
   55.0494308       87.8419266  
   12.8331633       51.7303085  
   52.8434105       87.9445267  
   15.0233335       53.0299187  
   54.3455238       90.2019882  
   14.7849398       51.8002739  
   13.5929823       52.6850395  
   15.3765774       52.1593895  
   11.5316830       54.0742989  
   12.9563990       53.9370193  
   15.3967981       51.0588303  
   12.4393969       52.0423164  
   36.2577019       11.1219397  
   12.4890556       54.5120811  
   56.1860924       89.9855652  
   55.5908661       89.7272491  
   56.4509163       89.5632019  
   14.4004345       52.4823570  
   56.3835869       86.3096085  
   55.3434334       86.2071457  
   56.1965294       90.4373093  
   11.3484945       53.5608025  
   56.6497612       85.7145844  
   57.9915428       86.1269989  
   56.5800552       85.7715073  
   56.9769020       88.1023331  
   53.3059006       89.0619202  
   12.7757168       51.5766144  
   52.6062241       87.6833572  
   36.3169746       11.3126125  
   13.2216215       52.1646957  
   53.5069504       87.1055603  
   55.1596985       82.6557007  
   13.5828190       50.9397163  
   14.6110563       53.0053749  
   52.8556328       88.6014023  
   55.2933998       85.0998840  
   53.8038101       85.4107285  
   56.7668228       87.6583710  
   14.4400711       49.4428253  
   11.9949245       51.7436562  
   13.1192913       50.9865036  
   14.6537514       50.9589043  
   13.6826353       47.9906616  
   54.1729164       86.3277435  
   13.2370787       55.7853737  
   12.3186026       51.5780182  
   59.6236382       86.9484558  
   12.8945465       53.4848518  
   55.5699348       88.7506790  
   54.9759331       85.9489059  
   13.6399899       53.5056839  
   38.3654213       44.5687447  
   55.8766136       89.1488800  
   12.6102905       53.2055359  
   12.7638397       52.7930450  
   56.5288925       87.9882431  
   36.9169502       11.0440369  
   13.4741364       53.4028130  
   53.9795456       83.1477661  
   13.7389727       50.2849655  
   13.3820925       53.0261612  
   11.4876566       52.2548027  
   15.3791695       54.1256409  
   54.1370354       84.9542236  
   55.8036804       87.2649002  
   37.1591759       44.7759132  
   55.3779755       87.7114639  
   55.9061775       86.7274475  
   52.8887558       87.1683044  
   55.2785378       83.7496338  
   13.8699226       53.6731262  
   35.6842690       10.1125107  
   53.1905022       88.5049973  
   18.3066025       53.9429398  
   15.5975113       50.7886086  
   36.9201355       12.0275774  
   12.7651024       51.6037941  
   55.9068298       87.1260147  
   12.6290350       53.7845573  
   55.3051682       86.7860489  
   12.9912243       53.9911423  
   57.0973015       84.1247864  
   58.1168556       90.1976547  
   36.0738144       11.0981245  
   14.0867672       53.9346848  
   14.4574394       53.1363983  
   14.7073860       53.1312103  
   55.1748123       88.7267838  
   38.1028824       43.8290520  
   15.5676842       51.8057938  
   56.3825989       90.6198883  
   56.3809433       88.0348969  
   13.4487600       51.4480667  
   11.8736506       49.0789986  
   13.5760822       52.5362740  
   12.2817755       53.6823921  
   13.4359512       52.9304810  
   55.8830147       90.3548813  
   57.2008934       86.7263031  
   15.6771631       53.5848198  
   14.9035454       52.0637512  
   54.7426414       85.2947464  
   14.2300863       52.6113968  
   14.5527792       52.7427597  
   38.3898849       42.9656448  
   13.0589714       49.0322418  
   56.4843597       85.2781754  
   13.4276876       53.4301529  
   38.1469688       44.3564873  
   11.6802330       52.8668327  
   12.5277061       52.8427773  
   15.6666393       54.0878639  
   15.8849859       53.1316071  
   56.9245300       85.9886169  
   10.7976084       54.8546104  
   54.6835098       85.3060608  
   56.6200981       87.3202820  
   15.1662998       51.5279808  
   14.6684523       49.9123955  
   15.2363453       52.5293922  
   37.3268394       44.4155502  
   52.9585152       87.6824799  
   57.1160545       87.3339386  
   58.5044594       88.5986633  
   37.7978210       43.6717262  
   54.8734512       86.5652771  
   14.2012625       52.5367546  
   16.1948147       52.3549042  
   13.7663260       49.7464180  
   13.6798420       51.4942703  
   54.5963287       87.9970856  
   13.4846363       50.3708191  
   13.5339479       51.6612320  
   56.9621544       88.6546326  
   15.6051197       53.7924843  
   15.6098728       51.6195755  
   36.5144577       11.1600542  
   38.0266266       43.5995331  
   55.7041626       87.7344360  
   13.7799339       50.7366562  
   57.2380867       87.3162155  
   37.9996796       44.2341652  
   14.1292667       51.8808746  
   36.9893532       12.3609829  
   38.0482788       43.9791870  
   36.5084076       10.6827030  
   13.5322742       52.5816498  
   13.4124193       52.1767845  
   55.9826736       85.8677368  
   16.7278538       53.3482399  
   35.7411537       11.5011530  
   56.3430176       87.2478638  
   12.2719498       53.5995789  
   56.6490364       89.1615753  
   12.8222380       52.7646828  
   35.7613029       11.3299694  
   14.7591066       50.5309868  
   13.2892876       52.9440918  
   54.3509483       88.4824219  
   16.1897278       49.4473610  
   56.4008865       85.7547531  
   57.6054955       87.1200180  
   56.6702843       88.7585068  
   36.2149773       12.4948683  
   12.9583254       52.9975204  
   15.1455841       52.1840591  
   14.1156807       50.3844795  
   11.0343018       48.0751572  
   53.2283821       86.9349976  
   55.2992020       87.5347137  
   35.9609070       11.8068838  
   12.0947838       54.5650330  
   37.6243477       43.8595924  
   13.3786545       53.4747047  
   11.5585203       50.4696388  
   13.6793432       51.6253662  
   14.4775524       51.9073372  
   15.9634857       50.7042046  
   14.8321619       51.9157372  
   14.0158854       51.9302025  
   14.7867260       52.7519608  
   10.4705715       50.9041443  
   37.8980293       43.8166389  
   11.5737085       52.7401237  
   13.9783840       53.0117912  
   57.4818382       88.0229950  
   13.3013792       50.0006485  
   54.0242462       86.6720123  
   36.8790932       11.8131685  
   13.1009760       53.5352249  
   37.6095695       44.4591408  
   55.0558167       89.3123550  
   58.0570488       88.0107651  
   13.9186306       52.3509560  
   56.3598251       85.3031464  
   54.2845497       85.8448715  
   11.9789991       50.0570564  
   13.0206766       52.8495865  
   56.2261200       88.6128464  
   15.0874920       49.9633331  
   55.3726463       86.8631439  
   13.8069096       50.7725220  
   16.2805119       52.3004112  
   56.0753593       87.2530060  
   53.2132454       87.8836517  
   14.9224014       54.8727875  
   56.2774887       87.5623932  
   57.1424408       89.3076324  
   13.1281624       51.3433228  
   55.6210594       87.0650101  
   13.0220346       54.2548027  
   37.2716904       43.0063095  
   35.7391129       10.9855986  
   53.2693405       86.0234070  
   56.7673950       89.7720032  
   56.6838875       86.1729507  
   53.2983818       89.4817123  
   54.8671112       89.4978180  
   12.9243431       51.9318390  
   12.0117779       52.0632019  
   54.3011742       86.0815048  
   36.0862465       10.8938503  
   11.3755283       50.5992508  
   13.0812130       53.8294792  
   56.7095718       87.9895325  
   54.1785965       89.4791565  
   55.5338135       85.6627655  
   57.2829971       84.9253387  
   54.2027702       87.6585388  
   13.0340548       52.7960663  
   14.9461908       52.9678421  
   14.4888334       53.1461868  
   15.0456858       54.2234573  
   57.0746651       86.3644943  
   55.1663933       86.8791122  
   54.9999046       88.1721115  
   14.5491800       50.6177139  
   11.7436943       51.2626839  
   55.8801155       86.7622910  
   14.3968210       52.6069832  
   54.6253586       91.5401306  
   10.7186728       53.7942429  
   36.6368027       11.3572922  
   57.1274986       86.8038940  
   13.7053289       54.4559784  
   56.5422516       88.6505051  
   12.1649017       51.6665726  
   13.3789415       52.4146500  
   36.0020485       11.0556536  
   11.3073092       50.3090706  
   15.8227520       53.1662941  
   14.8426504       51.9313278  
   36.3186836       10.3788109  
   35.7909355       9.79736900  
   56.3551521       88.3408661  
